Player#3410 4 1 0 file:/C:/java%e7%a8%8b%e5%ba%8f/%e6%89%ab%e9%9b%b7/out/production/%e6%89%ab%e9%9b%b7/images/%e8%a7%92%e8%89%b21.gif
Player#3619 3 3 4 file:/C:/java%e7%a8%8b%e5%ba%8f/%e6%89%ab%e9%9b%b7/out/production/%e6%89%ab%e9%9b%b7/images/%e8%a7%92%e8%89%b24.gif
Player#3619
21 16 147 68
1 -1 1 1 -1 1 0 0 0 1 -1 1 0 0 1 -1 
2 2 1 1 1 1 0 0 0 1 1 1 0 1 3 3 
-1 1 0 0 0 1 2 2 2 1 2 1 1 1 -1 -1 
2 2 0 1 2 3 -1 -1 3 -1 2 -1 1 2 3 3 
-1 2 1 3 -1 -1 4 4 -1 2 2 1 1 1 -1 1 
2 4 -1 4 -1 3 2 -1 2 2 1 1 0 1 1 1 
-1 4 -1 3 1 1 1 1 1 1 -1 3 3 3 2 1 
2 -1 2 1 1 2 2 1 1 2 3 -1 -1 -1 -1 1 
2 2 2 1 2 -1 -1 2 2 -1 4 3 4 3 2 1 
-1 2 2 -1 2 3 -1 2 3 -1 4 -1 2 1 1 1 
1 2 -1 2 1 1 1 1 2 -1 3 2 -1 1 1 -1 
0 1 1 1 0 0 0 1 2 3 2 3 3 3 2 1 
0 0 1 1 1 0 0 2 -1 3 -1 3 -1 -1 1 0 
0 0 1 -1 1 1 1 3 -1 4 2 4 -1 4 2 0 
0 1 2 2 2 2 -1 2 2 3 -1 2 2 -1 2 1 
0 1 -1 1 1 -1 3 2 2 -1 2 2 2 3 4 -1 
1 3 2 3 2 2 3 -1 5 3 2 1 -1 3 -1 -1 
-1 3 -1 2 -1 1 2 -1 -1 -1 1 2 3 5 -1 3 
-1 3 1 2 1 1 2 4 5 3 2 2 -1 -1 2 1 
3 3 1 0 1 1 2 -1 -1 1 1 -1 3 3 3 2 
0 -1 1 0 1 -1 2 2 2 1 1 1 1 1 -1 -1 

0 0 0 0 0 0 0 0 0 0 0 0 0 0 0 0 
0 1 1 1 1 1 0 0 0 0 0 0 0 0 0 0 
0 1 1 1 1 1 0 0 0 0 0 0 0 0 0 0 
0 1 1 1 1 1 0 0 0 0 0 0 0 0 0 0 
0 1 1 1 2 2 0 0 0 0 0 0 0 0 0 0 
0 0 0 0 0 0 0 0 0 0 0 0 0 0 0 0 
0 0 0 0 0 0 0 0 0 0 0 0 0 0 0 0 
0 0 0 0 0 0 0 0 0 1 0 0 0 0 0 0 
0 0 0 0 0 0 0 0 0 0 1 0 0 0 0 0 
0 0 0 0 0 0 0 0 0 0 0 0 0 0 0 0 
1 1 2 1 1 1 1 1 0 0 0 0 0 0 0 0 
1 1 1 1 1 1 1 1 0 0 0 0 0 0 0 0 
1 1 1 1 1 1 1 1 0 0 0 0 0 0 0 0 
1 1 1 2 1 1 1 1 0 0 0 0 0 0 0 0 
1 1 1 1 1 1 2 1 0 0 0 0 0 0 0 0 
1 1 2 1 1 2 1 0 0 0 0 0 0 0 0 0 
1 1 1 1 1 1 0 0 0 0 0 0 0 0 0 0 
0 0 0 0 0 0 0 0 0 0 0 0 0 0 0 0 
0 0 0 0 0 0 0 0 0 0 0 0 0 0 0 0 
0 0 0 0 0 0 0 0 0 0 0 0 0 0 0 0 
0 0 0 0 0 0 0 0 0 0 0 0 0 0 0 0 
