Player#1698 1 3 0 null
Player#8500 1 3 1 null
Player#8500
10 10 114 2
1 1 1 0 0 0 0 1 1 1 
1 -1 2 2 2 1 0 1 -1 1 
2 2 2 -1 -1 1 0 1 1 1 
-1 2 1 2 2 1 0 0 1 1 
-1 2 0 1 1 1 0 0 1 -1 
1 1 0 1 -1 2 1 0 1 1 
0 1 1 2 3 -1 2 0 0 0 
2 3 -1 1 2 -1 2 0 0 0 
-1 -1 3 2 2 2 2 1 1 1 
2 2 2 -1 1 1 -1 1 1 -1 

1 1 1 1 1 1 1 1 1 1 
1 1 1 1 1 1 1 1 1 1 
1 1 1 1 1 1 1 1 1 1 
2 1 1 1 1 1 1 1 1 0 
2 1 1 1 1 1 1 1 1 0 
1 1 1 1 1 1 1 1 1 1 
0 1 1 1 1 1 1 1 1 1 
1 1 2 1 1 2 1 1 1 1 
2 2 1 1 1 1 1 1 1 1 
1 1 1 2 1 1 2 0 0 0 
