Player#6621 1 2 0 null
Player#5725 4 0 1 null
Player#5725
10 10 69 6
1 -1 2 2 -1 2 -1 2 1 1 
2 3 -1 2 1 2 1 2 -1 1 
-1 3 2 2 0 0 1 3 3 2 
1 2 -1 1 0 0 1 -1 -1 1 
0 1 2 2 1 0 1 2 2 1 
0 0 1 -1 1 1 1 1 0 0 
1 1 2 1 1 1 -1 2 1 0 
1 -1 1 0 0 1 2 -1 1 0 
1 1 1 0 1 1 3 2 2 0 
0 0 0 0 1 -1 2 -1 1 0 

1 1 1 1 2 1 1 1 1 1 
1 1 2 1 1 1 1 1 2 1 
0 1 1 1 1 1 1 1 1 1 
1 1 0 1 1 1 1 2 2 1 
1 1 1 1 1 1 1 1 1 1 
1 1 1 0 1 1 1 1 1 1 
1 1 1 1 1 1 2 1 1 1 
0 0 1 1 1 1 1 2 1 1 
1 1 1 1 1 1 1 0 1 1 
1 1 1 1 1 0 0 0 1 1 
