Player#5794 0 0 0 null
Player#5725 0 0 0 null
Player#5794
12 10 0 16
0 1 -1 2 1 2 1 1 0 0 
0 1 1 2 -1 3 -1 2 0 0 
0 0 0 1 1 3 -1 2 0 0 
0 0 0 0 0 1 1 1 0 0 
1 1 0 0 0 0 0 0 1 1 
-1 1 0 0 0 0 1 1 2 -1 
1 1 0 0 0 1 2 -1 2 1 
0 0 0 0 0 1 -1 2 1 0 
1 1 1 0 0 1 1 1 0 0 
2 -1 2 1 0 1 1 2 1 1 
-1 3 -1 1 1 3 -1 4 -1 1 
1 2 1 1 1 -1 -1 -1 2 1 

0 0 0 0 0 0 0 0 0 0 
0 0 0 0 0 0 0 0 0 0 
0 0 0 0 0 0 0 0 0 0 
0 0 0 0 0 0 0 0 0 0 
0 0 0 0 0 0 0 0 0 0 
0 0 0 0 0 0 0 0 0 0 
0 0 0 0 0 0 0 0 0 0 
0 0 0 0 0 0 0 0 0 0 
0 0 0 0 0 0 0 0 0 0 
0 0 0 0 0 0 0 0 0 0 
0 0 0 0 0 0 0 0 0 0 
0 0 0 0 0 0 0 0 0 0 
