Player#6050 0 0 1 null
Player#6783 0 0 0 null
Player#6050
12 10 7 16
0 0 0 0 0 0 1 -1 1 0 
0 0 0 0 1 1 2 2 2 1 
0 0 0 0 1 -1 1 1 -1 1 
0 0 0 0 1 1 2 2 2 1 
0 1 1 1 0 0 1 -1 1 0 
0 2 -1 2 0 0 1 1 1 0 
1 4 -1 3 1 1 1 0 0 0 
2 -1 -1 2 2 -1 2 1 1 1 
2 -1 4 2 2 -1 2 1 -1 1 
2 3 -1 1 1 1 1 1 1 1 
-1 3 1 1 0 0 0 0 1 1 
0 2 0 0 0 0 0 0 1 -1 

1 1 1 1 1 1 1 0 0 0 
1 1 1 1 1 1 1 0 0 0 
1 1 1 1 1 0 0 0 0 0 
1 1 1 1 1 1 1 0 0 0 
1 1 1 1 1 1 1 0 1 0 
1 1 0 1 1 1 1 0 0 0 
1 1 0 1 1 1 1 0 0 0 
0 0 0 0 1 0 0 0 0 0 
0 0 0 0 0 0 0 0 0 0 
0 0 0 1 1 1 1 1 1 0 
0 1 1 1 1 1 1 1 1 0 
0 1 1 1 1 1 1 1 1 0 
