Player#2951 1 0 0 file:/C:/java%e7%a8%8b%e5%ba%8f/%e6%89%ab%e9%9b%b7/out/production/%e6%89%ab%e9%9b%b7/images/%e8%a7%92%e8%89%b25.gif
Player#6306 0 2 0 file:/C:/java%e7%a8%8b%e5%ba%8f/%e6%89%ab%e9%9b%b7/out/production/%e6%89%ab%e9%9b%b7/images/%e8%a7%92%e8%89%b24.gif
Player#2951
16 16 7 37
0 1 -1 1 0 0 0 1 -1 1 0 0 0 0 0 0
1 2 1 1 0 1 2 3 2 1 0 0 0 0 0 0 
-1 2 1 1 0 1 -1 -1 1 0 0 0 0 0 1 1 
1 2 -1 1 0 1 2 2 1 0 0 0 0 0 1 -1 
0 1 1 1 0 0 0 0 0 0 0 0 0 0 1 1 
0 1 2 2 2 1 1 0 0 0 0 0 0 0 1 1 
0 1 -1 -1 4 -1 3 1 0 0 0 0 1 1 3 -1 
1 2 4 4 -1 -1 -1 1 0 1 1 1 1 -1 3 -1 
1 -1 2 -1 4 5 3 3 1 2 -1 2 2 2 2 1 
3 4 4 3 -1 2 -1 2 -1 3 2 2 -1 1 0 0 
-1 -1 -1 2 1 2 1 2 2 -1 1 1 1 1 1 1 
4 -1 3 1 0 0 0 0 1 1 1 1 1 1 2 -1 
-1 2 1 0 0 0 0 0 0 0 0 1 -1 1 2 -1 
1 1 1 1 1 0 0 0 1 2 2 2 1 1 1 1 
1 1 2 -1 1 0 1 2 3 -1 -1 2 1 1 1 1 
1 -1 2 1 1 0 1 -1 -1 3 3 -1 1 1 -1 1 

0 0 0 1 1 1 1 1 2 1 1 1 1 1 1 1 
0 0 0 1 1 1 1 1 1 1 1 1 1 1 1 1 
0 0 0 1 1 1 0 1 1 1 1 1 1 1 1 1 
0 0 0 1 1 1 1 1 1 1 1 1 1 1 1 0 
0 0 0 1 1 1 1 1 1 1 1 1 1 1 1 0 
0 0 0 1 1 1 1 1 1 1 1 1 1 1 1 0 
0 0 0 0 0 0 1 1 1 1 1 1 1 1 1 0 
0 0 0 0 0 0 0 1 1 1 1 1 1 0 0 0 
0 0 0 0 0 0 0 1 1 1 0 0 0 0 0 0 
0 0 0 0 2 0 0 0 0 0 0 0 0 0 0 0 
0 0 0 1 1 1 1 1 1 0 0 0 0 0 0 0 
0 0 1 1 1 1 1 1 1 1 1 1 0 0 0 0 
0 0 1 1 1 1 1 1 1 1 1 1 0 0 0 0 
0 0 1 1 1 1 1 1 1 1 1 1 0 0 0 0 
0 0 0 0 1 1 1 1 1 0 0 0 0 0 0 0 
0 0 0 0 1 1 1 0 0 0 0 0 0 0 0 0 
