Player#7442 0 1 0 null
Player#4454 0 0 0 null
Player#4454
12 10 2 13
1 -1 2 1 0 0 0 0 0 0 
1 2 -1 1 0 0 0 1 1 1 
0 2 2 2 0 0 0 1 -1 1 
0 1 -1 2 1 2 2 3 2 1 
0 1 1 2 -1 2 -1 -1 2 0 
0 1 1 2 1 2 3 -1 3 1 
1 2 -1 2 1 1 2 3 -1 1 
1 -1 2 2 -1 1 1 -1 2 1 
2 2 2 1 1 1 1 1 1 0 
1 -1 1 0 0 0 0 0 1 1 
2 2 1 0 0 0 0 0 1 -1 
0 1 0 0 0 0 0 0 1 1 

0 2 0 0 0 0 0 0 0 0 
1 1 1 0 0 0 0 0 0 0 
1 1 1 1 0 0 0 0 2 0 
1 1 1 1 0 0 0 0 0 0 
1 1 1 1 2 0 2 2 0 0 
1 1 1 1 0 0 0 2 0 0 
1 1 2 0 0 0 0 0 2 0 
0 2 0 0 2 0 0 2 0 0 
0 0 0 0 0 0 0 0 0 0 
0 2 0 0 0 0 0 0 0 0 
0 0 0 0 0 0 0 0 0 2 
0 0 0 0 0 0 0 0 0 0 
